[gd_scene load_steps=5 format=3 uid="uid://f7okevds0rhn"]

[ext_resource type="Script" path="res://src/Items/HuntingRifle/HuntingRifle.gd" id="2"]
[ext_resource type="Material" uid="uid://ccwj1w2u3aw2x" path="res://src/Items/HuntingRifle/material_wood.tres" id="3"]
[ext_resource type="Material" uid="uid://b56vdlhavrckn" path="res://src/Items/HuntingRifle/material_metal.tres" id="5"]

[sub_resource type="BoxShape3D" id="1"]
size = Vector3(0.058, 0.242, 1.21)

[node name="HuntingRifle" type="RigidBody3D" groups=["item"]]
collision_layer = 2
collision_mask = 7
mass = 0.714286
script = ExtResource("2")

[node name="CollisionShape3D" type="CollisionShape3D" parent="."]
transform = Transform3D(1, 0, 0, 0, 1, 0, 0, 0, 1, -0.0110843, -0.0137678, 0.002195)
shape = SubResource("1")

[node name="CSGCombiner3D" type="CSGCombiner3D" parent="."]

[node name="Barrel" type="CSGCylinder3D" parent="CSGCombiner3D"]
transform = Transform3D(1, 0, 0, 0, -4.37114e-08, -1, 0, 1, -4.37114e-08, 0, 0.0602532, -0.197542)
radius = 0.01
height = 0.8
material = ExtResource("5")

[node name="Receiver" type="CSGBox3D" parent="CSGCombiner3D"]
transform = Transform3D(1, 0, 0, 0, 1, 0, 0, 0, 1, 0, 0.0437609, 0.117)
size = Vector3(0.05, 0.0988662, 0.181747)
material = ExtResource("5")

[node name="HardGuard" type="CSGBox3D" parent="CSGCombiner3D"]
transform = Transform3D(1, 0, 0, 0, 1, 0, 0, 0, 1, 0, 0.0338649, -0.0050633)
size = Vector3(0.05, 0.05, 0.503352)
material = ExtResource("3")

[node name="Handle" type="CSGBox3D" parent="CSGCombiner3D"]
transform = Transform3D(1, 0, 0, 0, 0.644617, 0.764505, 0, -0.764505, 0.644617, 0, -0.0113967, 0.284991)
size = Vector3(0.05, 0.15, 0.05)
material = ExtResource("3")

[node name="HandleBack" type="CSGBox3D" parent="CSGCombiner3D"]
transform = Transform3D(1, 0, 0, 0, -0.571616, 0.820521, 0, -0.820521, -0.571616, 0, -0.00651124, 0.319188)
size = Vector3(0.05, 0.082, 0.05)
material = ExtResource("3")

[node name="StockTop" type="CSGBox3D" parent="CSGCombiner3D"]
transform = Transform3D(1, 0, 0, 0, 1, 0, 0, 0, 1, 0, -0.00531261, 0.467583)
size = Vector3(0.05, 0.083, 0.264)
material = ExtResource("3")

[node name="StockBottom" type="CSGBox3D" parent="CSGCombiner3D"]
transform = Transform3D(1, 0, 0, 0, 0.9417, -0.336454, 0, 0.336454, 0.9417, 0, -0.0747628, 0.453506)
size = Vector3(0.05, 0.04, 0.264)
material = ExtResource("3")

[node name="StockButt" type="CSGBox3D" parent="CSGCombiner3D"]
transform = Transform3D(1, 0, 0, 0, 0.0807904, 0.996731, 0, -0.996731, 0.0807904, 0, -0.0518878, 0.57521)
size = Vector3(0.05, 0.04, 0.144)
material = ExtResource("3")

[node name="StockBody" type="CSGBox3D" parent="CSGCombiner3D"]
transform = Transform3D(1, 0, 0, 0, 0.980406, -0.19699, 0, 0.19699, 0.980406, 0, -0.0329965, 0.467583)
size = Vector3(0.05, 0.073, 0.207)
material = ExtResource("3")

[node name="BulletStartPosition" type="Node3D" parent="."]
transform = Transform3D(1, 0, 0, 0, 1, 0, 0, 0, 1, 0, 0.0601636, 0.0381525)

[connection signal="apply_force" from="." to="." method="_on_apply_force"]
